value
0
0.414214
0.828427
0.242641
0.656854
0.0710678
0.485281
0.899495
0.313708
0.727922
0.142136
0.556349
0.970563
0.384776
0.79899
0.213203
0.627417
0.0416306
0.455844
0.870058
0.284271
0.698485
0.112698
0.526912
0.941125
0.355339
0.769553
0.183766
0.59798
0.0121933
0.426407
0.84062
0.254834
0.669048
0.0832611
0.497475
0.911688
0.325902
0.740115
0.154329
0.568542
0.982756
0.39697
0.811183
0.225397
0.63961
0.0538239
0.468037
0.882251
0.296465
0.710678
0.124892
0.539105
0.953319
0.367532
0.781746
0.195959
0.610173
0.0243866
0.4386
0.852814
0.267027
0.681241
0.0954544
0.509668
0.923882
0.338095
0.752309
0.166522
0.580736
0.994949
0.409163
0.823376
0.23759
0.651804
0.0660172
0.480231
0.894444
0.308658
0.722871
0.137085
0.551299
0.965512
0.379726
0.793939
0.208153
0.622366
0.0365799
0.450793
0.865007
0.279221
0.693434
0.107648
0.521861
0.936075
0.350288
0.764502
0.178716
0.592929
0.00714267
0.421356
0.83557
0.249783
0.663997
0.0782105
0.492424
0.906638
0.320851
0.735065
0.149278
0.563492
0.977705
0.391919
0.806133
0.220346
0.63456
0.0487732
0.462987
0.8772
0.291414
0.705627
0.119841
0.534055
0.948268
0.362482
0.776695
0.190909
0.605122
0.019336
0.43355
0.847763
0.261977
0.67619
0.0904038
0.504617
0.918831
0.333044
0.747258
0.161472
0.575685
0.989899
0.404112
0.818326
0.232539
0.646753
0.0609665
0.47518
0.889394
0.303607
0.717821
0.132034
0.546248
0.960461
0.374675
0.788889
0.203102
0.617316
0.0315293
0.445743
0.859956
0.27417
0.688384
0.102597
0.516811
0.931024
0.345238
0.759451
0.173665
0.587878
0.00209204
0.416306
0.830519
0.244733
0.658946
0.0731599
0.487373
0.901587
0.315801
0.730014
0.144228
0.558441
0.972655
0.386868
0.801082
0.215295
0.629509
0.0437226
0.457936
0.87215
0.286363
0.700577
0.11479
0.529004
0.943218
0.357431
0.771645
0.185858
0.600072
0.0142853
0.428499
0.842712
0.256926
0.67114
0.0853532
0.499567
0.91378
0.327994
0.742207
0.156421
0.570635
0.984848
0.399062
0.813275
0.227489
0.641702
0.0559159
0.470129
0.884343
0.298557
0.71277
0.126984
0.541197
0.955411
0.369624
0.783838
0.198052
0.612265
0.0264787
0.440692
0.854906
0.269119
0.683333
0.0975465
0.51176
0.925974
0.340187
0.754401
0.168614
0.582828
0.997041
0.411255
0.825469
0.239682
0.653896
0.0681092
0.482323
0.896536
0.31075
0.724963
0.139177
0.553391
0.967604
0.381818
0.796031
0.210245
0.624458
0.038672
0.452886
0.867099
0.281313
0.695526
0.10974
0.523953
0.938167
0.35238
0.766594
0.180808
0.595021
0.00923472
0.423448
0.837662
0.251875
0.666089
0.0803025
0.494516
0.90873
0.322943
0.737157
0.15137
0.565584
0.979797
0.394011
0.808225
0.222438
0.636652
0.0508653
0.465079
0.879292
0.293506
0.70772
0.121933
0.536147
0.95036
0.364574
0.778787
0.193001
0.607214
0.021428
0.435642
0.849855
0.264069
0.678282
0.0924958
0.506709
0.920923
0.335137
0.74935
0.163564
0.577777
0.991991
0.406204
0.820418
0.234631
0.648845
0.0630586
0.477272
0.891486
0.305699
0.719913
0.134126
0.54834
0.962554
0.376767
0.790981
0.205194
0.619408
0.0336213
0.447835
0.862048
0.276262
0.690476
0.104689
0.518903
0.933116
0.34733
0.761543
0.175757
0.589971
0.00418408
0.418398
0.832611
0.246825
0.661038
0.0752519
0.489465
0.903679
0.317893
0.732106
0.14632
0.560533
0.974747
0.38896
0.803174
0.217388
0.631601
0.0458146
0.460028
0.874242
0.288455
0.702669
0.116882
0.531096
0.94531
0.359523
0.773737
0.18795
0.602164
0.0163774
0.430591
0.844805
0.259018
0.673232
0.0874452
0.501659
0.915872
0.330086
0.744299
0.158513
0.572727
0.98694
0.401154
0.815367
0.229581
0.643794
0.058008
0.472222
0.886435
0.300649
0.714862
0.129076
0.543289
0.957503
0.371716
0.78593
0.200144
0.614357
0.0285707
0.442784
0.856998
0.271211
0.685425
0.0996385
0.513852
0.928066
0.342279
0.756493
0.170706
0.58492
0.999133
0.413347
0.827561
0.241774
0.655988
0.0702013
0.484415
0.898628
0.312842
0.727056
0.141269
0.555483
0.969696
0.38391
0.798123
0.212337
0.62655
0.040764
0.454978
0.869191
0.283405
0.697618
0.111832
0.526045
0.940259
0.354473
0.768686
0.1829
0.597113
0.0113268
0.42554
0.839754
0.253967
0.668181
0.0823946
0.496608
0.910822
0.325035
0.739249
0.153462
0.567676
0.98189
0.396103
0.810317
0.22453
0.638744
0.0529573
0.467171
0.881384
0.295598
0.709812
0.124025
0.538239
0.952452
0.366666
0.780879
0.195093
0.609307
0.0235201
0.437734
0.851947
0.266161
0.680374
0.0945879
0.508801
0.923015
0.337229
0.751442
0.165656
0.579869
0.994083
0.408296
0.82251
0.236724
0.650937
0.0651506
0.479364
0.893578
0.307791
0.722005
0.136218
0.550432
0.964646
0.378859
0.793073
0.207286
0.6215
0.0357134
0.449927
0.86414
0.278354
0.692568
0.106781
0.520995
0.935208
0.349422
0.763635
0.177849
0.592063
0.00627612
0.42049
0.834703
0.248917
0.66313
0.0773439
0.491557
0.905771
0.319985
0.734198
0.148412
0.562625
0.976839
0.391052
0.805266
0.21948
0.633693
0.0479067
0.46212
0.876334
0.290547
0.704761
0.118974
0.533188
0.947402
0.361615
0.775829
0.190042
0.604256
0.0184694
0.432683
0.846897
0.26111
0.675324
0.0895372
0.503751
0.917964
0.332178
0.746391
0.160605
0.574819
0.989032
0.403246
0.817459
0.231673
0.645886
0.0601
0.474314
0.888527
0.302741
0.716954
0.131168
0.545381
0.959595
0.373808
0.788022
0.202236
0.616449
0.0306627
0.444876
0.85909
0.273303
0.687517
0.101731
0.515944
0.930158
0.344371
0.758585
0.172798
0.587012
0.00122549
0.415439
0.829653
0.243866
0.65808
0.0722933
0.486507
0.90072
0.314934
0.729148
0.143361
0.557575
0.971788
0.386002
0.800215
0.214429
0.628642
0.042856
0.45707
0.871283
0.285497
0.69971
0.113924
0.528137
0.942351
0.356565
0.770778
0.184992
0.599205
0.0134188
0.427632
0.841846
0.256059
0.670273
0.0844866
0.4987
0.912914
0.327127
0.741341
0.155554
0.569768
0.983982
0.398195
0.812409
0.226622
0.640836
0.0550494
0.469263
0.883476
0.29769
0.711904
0.126117
0.540331
0.954544
0.368758
0.782971
0.197185
0.611399
0.0256121
0.439826
0.854039
0.268253
0.682466
0.0966799
0.510893
0.925107
0.339321
0.753534
0.167748
0.581961
0.996175
0.410388
0.824602
0.238816
0.653029
0.0672427
0.481456
0.89567
0.309883
0.724097
0.13831
0.552524
0.966738
0.380951
0.795165
0.209378
0.623592
0.0378054
0.452019
0.866233
0.280446
0.69466
0.108873
0.523087
0.9373
0.351514
0.765727
0.179941
0.594155
0.00836816
0.422582
0.836795
0.251009
0.665222
0.079436
0.49365
0.907863
0.322077
0.73629
0.150504
0.564717
0.978931
0.393144
0.807358
0.221572
0.635785
0.0499987
0.464212
0.878426
0.292639
0.706853
0.121067
0.53528
0.949494
0.363707
0.777921
0.192134
0.606348
0.0205615
0.434775
0.848989
0.263202
0.677416
0.0916293
0.505843
0.920056
0.33427
0.748484
0.162697
0.576911
0.991124
0.405338
0.819551
0.233765
0.647978
0.062192
0.476406
0.890619
0.304833
0.719046
0.13326
0.547473
0.961687
0.375901
0.790114
0.204328
0.618541
0.0327548
0.446968
0.861182
0.275395
0.689609
0.103823
0.518036
0.93225
0.346463
0.760677
0.17489
0.589104
0.00331753
0.417531
0.831745
0.245958
0.660172
0.0743853
0.488599
0.902812
0.317026
0.73124
0.145453
0.559667
0.97388
0.388094
0.802307
0.216521
0.630735
0.0449481
0.459162
0.873375
0.287589
0.701802
0.116016
0.530229
0.944443
0.358657
0.77287
0.187084
0.601297
0.0155108
0.429724
0.843938
0.258152
0.672365
0.0865787
0.500792
0.915006
0.329219
0.743433
0.157646
0.57186
0.986074
0.400287
0.814501
0.228714
0.642928
0.0571414
0.471355
0.885569
0.299782
0.713996
0.128209
0.542423
0.956636
0.37085
0.785063
0.199277
0.613491
0.0277041
0.441918
0.856131
0.270345
0.684558
0.098772
0.512986
0.927199
0.341413
0.755626
0.16984
0.584053
0.998267
0.41248
0.826694
0.240908
0.655121
0.0693347
0.483548
0.897762
0.311975
0.726189
0.140403
0.554616
0.96883
0.383043
0.797257
0.21147
0.625684
0.0398975
0.454111
0.868325
0.282538
0.696752
0.110965
0.525179
0.939392
0.353606
0.76782
0.182033
0.596247
0.0104602
0.424674
0.838887
0.253101
0.667314
0.081528
0.495742
0.909955
0.324169
0.738382
0.152596
0.566809
0.981023
0.395237
0.80945
0.223664
0.637877
0.0520908
0.466304
0.880518
0.294731
0.708945
0.123159
0.537372
0.951586
0.365799
0.780013
0.194226
0.60844
0.0226535
0.436867
0.851081
0.265294
0.679508
0.0937213
0.507935
0.922148
0.336362
0.750576
0.164789
0.579003
0.993216
0.40743
0.821643
0.235857
0.650071
0.0642841
0.478498
0.892711
0.306925
0.721138
0.135352
0.549565
0.963779
0.377993
0.792206
0.20642
0.620633
0.0348468
0.44906
0.863274
0.277488
0.691701
0.105915
0.520128
0.934342
0.348555
0.762769
0.176982
0.591196
0.00540957
0.419623
0.833837
0.24805
0.662264
0.0764774
0.490691
0.904905
0.319118
0.733332
0.147545
0.561759
0.975972
0.390186
0.804399
0.218613
0.632827
0.0470401
0.461254
0.875467
0.289681
0.703894
0.118108
0.532322
0.946535
0.360749
0.774962
0.189176
0.603389
0.0176029
0.431816
0.84603
0.260244
0.674457
0.0886707
0.502884
0.917098
0.331311
0.745525
0.159739
0.573952
0.988166
0.402379
0.816593
0.230806
0.64502
0.0592334
0.473447
0.887661
0.301874
0.716088
0.130301
0.544515
0.958728
0.372942
0.787156
0.201369
0.615583
0.0297962
0.44401
0.858223
0.272437
0.68665
0.100864
0.515078
0.929291
0.343505
0.757718
0.171932
0.586145
0.000358937
0.414572
0.828786
0.243
0.657213
0.0714267
0.48564
0.899854
0.314067
0.728281
0.142495
0.556708
0.970922
0.385135
0.799349
0.213562
