1.25222
5.73599
0.575692
1.45965
1.4478
-0.209476
-0.384998
-0.83379
-1.45701
-0.902401
-1.53409
0.301365
-0.155142
1.44881
2.05389
-2.80167
-1.51764
0.621865
1.44764
-2.14659
-0.951852
1.49167
-1.12959
-9.08863
3.15885
-0.94889
-2.18909
3.27093
-0.993108
-0.493524
-3.79796
-2.1175
-2.4915
-0.72325
-15.1765
4.64803
0.141246
-1.00481
-1.26227
-2.41523
-0.104824
0.429161
0.645815
-0.720133
-0.719559
-0.00592106
0.821171
-0.0312181
0.379999
-0.121177
0.224386
-0.774354
3.57954
-1.41125
-0.93158
0.695159
0.0111512
-0.260624
0.871774
3.77289
0.387707
0.591675
-2.96947
-0.443789
0.755483
-1.50293
-0.968574
0.511516
-4.35681
-4.14874
-1.68435
2.60153
0.330319
-0.632274
0.546916
0.00534261
-0.0105774
0.0135665
-0.401764
0.122691
-0.768776
0.924602
-0.146313
0.437457
-0.421685
-0.637328
1.03202
0.076533
-0.429232
0.291831
0.156235
-2.81928
15.0165
-2.8574
-1.07136
-1.67991
-3.6639
6.17631
-0.471724
0.208533
0.885915
-0.565406
-0.0521278
0.808015
-1.88088
1.21883
0.230528
0.152555
0.259605
1.42268
2.10474
-3.26753
0.286954
0.292
1.22562
-0.992662
-2.66626
-0.513719
1.81266
0.189903
-3.43465
1.60575
11.9572
-1.28671
1.79372
-1.57717
2.40279
-2.53441
-2.56419
0.0747698
3.22512
0.44658
0.0936367
1.17142
0.920575
0.742501
-0.251482
-0.142987
-1.14741
-1.56688
-1.15439
9.60533
-4.12788
7.83528
0.814606
0.57897
-1.61062
-1.07308
34.485
-2.17303
8.26952
-2.81111
-1.57977
1.11987
-2.05123
0.415605
0.741309
2.27087
-2.47801
-0.628463
0.0691931
1.46408
4.11367
-4.28615
-0.364677
1.13535
0.531515
3.31943
5.84963
2.03459
-2.20767
-0.482167
-0.390402
-2.89251
-0.569339
-0.287781
0.844619
-6.31534
9.65266
-10.7691
-0.154065
0.419475
-0.794575
-0.872891
-0.780475
-0.362129
1.63396
2.40904
-0.0687173
-0.862235
-11.7554
-7.23116
0.653279
-1.3075
3.05835
-13.3403
-0.805393
-0.192213
-0.11953
-1.08747
0.423132
-0.441289
-0.102175
0.927624
-7.36496
-1.60232
1.53925
10.2909
0.108161
0.371413
-0.476901
-1.12112
-4.82345
0.0851439
0.866065
0.141125
1.31204
0.959174
-0.271124
0.0571619
-3.25595
0.941056
1.24085
-2.82851
-2.13362
0.208186
-0.189693
0.550814
-1.75587
-0.312762
-2.25874
0.566355
-1.39903
8.82126
1.03363
0.202201
-0.837999
1.19105
0.00928517
1.69185
0.133789
-0.773361
-0.465475
-0.561446
-0.148266
0.299862
-3.008
-4.57819
-3.29886
0.233538
-0.343733
0.446689
-0.493656
-0.49553
-1.50543
1.07033
-0.902618
0.208095
-5.01482
3.93542
1.76792
8.14913
1.07283
2.43503
2.13526
1.14523
3.17205
-0.379606
0.0242858
-0.889096
0.621488
-1.19558
0.646149
-2.9385
-0.183074
-0.185167
0.327097
0.00201552
-0.617758
0.012307
-1.36924
0.0873642
0.924785
0.373436
-0.616417
-3.60079
4.54605
-2.01987
-0.114344
0.111182
-0.664858
1.11123
0.363382
-1.10176
-0.317341
-2.60484
-0.0843103
-0.0765245
0.26014
-0.609371
-0.719182
0.0340982
0.855098
0.184507
1.03073
1.25518
0.511254
-1.24692
3.61545
0.685995
1.56888
3.65759
-0.970626
0.26751
0.0850783
-0.476432
-1.89775
0.739197
2.31238
1.24716
-2.44774
-0.148059
-4.45229
-1.21624
-1.69436
-0.195992
-3.01531
-1.58176
-0.371143
-0.0442947
-0.120229
-0.19465
-1.11301
-3.84757
2.20462
-1.02399
-1.8687
0.827543
-1.467
-1.18638
-0.0450383
-0.419621
-2.31368
1.34041
13.9837
1.00259
2.33553
1.11983
-0.899062
-0.417734
-2.15364
4.68145
-0.290995
0.339787
-2.51662
-3.46441
2.14173
0.897867
-1.99243
-1.42405
0.361114
-0.516806
-2.58418
-2.07172
-0.74736
-2.01155
0.619914
0.668527
-1.06704
-0.171623
0.245943
-0.746796
-3.80255
-1.18789
-0.19649
1.43753
0.310797
-1.86414
1.19174
0.79084
-0.941548
-0.338522
1.16774
-1.75326
-0.795355
0.0654457
-0.101632
0.226048
3.63869
26.8803
-0.257862
-0.454499
0.272943
0.611364
-0.373333
-0.0289817
-0.151258
-0.122607
0.996942
-3.24963
-1.27116
-0.389679
1.96438
-2.29469
-1.20336
2.57862
1.02413
-0.367669
0.302472
-2.96509
-0.241755
-0.291569
0.136766
3.17414
2.63686
1.04878
0.738392
-0.871324
-0.0158436
-0.290592
-0.911486
2.54654
0.142397
-0.104038
6.16879
-3.66061
-1.50657
-1.194
-0.306574
-0.434448
-1.23921
1.13397
-8.90427
3.69953
0.574111
0.976136
0.447238
0.996048
-0.930222
-4.25519
-0.175221
-0.782195
-0.331786
-0.543443
-1.22496
0.433773
21.9039
3.97854
0.275682
0.742672
-0.904055
0.458309
-1.11504
-2.43448
2.37692
0.747255
0.688833
-2.46505
1.24345
0.142999
4.21692
1.74211
-0.137558
-0.295254
-1.3494
3.0496
1.14497
-0.0237277
0.524326
-0.086923
-0.402238
-0.455239
0.650852
0.912677
-7.31194
3.03238
-2.74948
-0.471724
17.3988
-17.4867
3.24314
1.9842
0.0457707
0.455342
2.00067
-0.908679
6.28911
2.7989
0.717737
-0.0713592
-0.984453
-0.422449
-1.26283
0.89015
0.464176
-0.0588261
-3.60825
-0.898047
-0.9272
5.17322
1.61407
1.9027
2.04499
-3.63113
-1.31677
0.0814065
2.13276
0.551499
-2.21401
13.0274
-0.56846
-0.207914
-0.0276997
-1.64483
-0.463925
0.96185
11.8546
8.07821
8.37671
-0.478348
0.688914
-0.467441
2.05727
2.14273
-3.37392
-3.66349
3.92896
3.0455
4.46562
1.39668
1.69877
-1.96354
0.938207
1.12091
-1.16519
2.1444
-0.109309
-0.756787
1.32497
-0.731298
0.669479
0.663537
-0.0894625
-0.13784
0.453146
-1.53802
0.227299
1.61976
0.0578898
-1.01828
-0.147623
0.192377
2.31225
0.685817
0.538223
-3.28154
0.385335
0.896248
1.11969
1.11573
0.334244
0.684629
0.433406
0.144589
2.94818
2.20659
0.348889
-1.54946
5.12694
-6.57124
1.11675
0.320911
-0.0688982
2.6004
-0.738355
0.158248
0.90897
1.04734
-28.0819
6.24025
1.58626
-1.74878
-0.0564774
-1.96478
-0.790807
0.455069
1.97118
-2.66902
0.445373
0.864972
-3.56952
1.7679
-10.4494
0.0278728
-1.31933
0.0273579
1.85221
0.16623
-1.74768
0.854881
-0.0899432
-0.511899
1.54298
0.440518
-0.352175
5.88843
-0.93739
0.758919
0.135181
-0.101856
2.59143
-1.77435
-3.27509
-0.590383
-0.0461876
-2.1576
-0.494657
0.190159
5.46022
5.21238
4.93366
-4.65304
6.20929
6.46624
0.356917
-0.836
0.476203
-0.648915
0.0159766
0.0384985
0.668308
0.383431
1.07534
-0.242902
-0.370196
-1.39189
2.38338
4.3727
-1.32651
0.19584
3.32869
2.01303
0.209489
0.454299
-4.36002
-1.91557
0.204288
0.156522
-0.722823
1.72754
0.0868932
-1.23108
4.90863
-1.53681
5.8242
4.63229
-2.85748
-25.7148
-3.70379
-5.10924
0.277292
0.162856
-0.107389
-1.51302
0.185574
-0.0228563
-0.514147
-0.152509
1.03458
-1.24745
-5.81456
-5.52133
-2.42717
-3.17171
0.998716
0.867706
0.0283738
0.0671787
1.825
1.02879
0.00537321
-0.116799
0.234347
-1.21287
-0.518088
0.152747
0.898379
1.18842
1.44731
2.0711
-0.526387
-1.59338
-3.02008
3.13891
5.51082
-5.76184
0.154562
0.83671
-0.147471
0.750122
0.128168
0.40409
0.0518524
-0.779563
1.79918
-1.01624
-0.069567
0.128388
1.93762
2.18173
-0.782692
-3.12094
-0.678486
-0.317417
-1.29332
-1.43048
-1.90659
-3.09778
0.302178
0.290509
-0.909265
-1.0698
-7.69325
-4.33659
0.224826
-0.603419
-3.96607
0.0880176
-5.24595
0.562322
0.848912
1.06036
0.878819
1.07453
1.76126
1.46868
3.13913
2.27404
-5.32104
4.65755
0.331885
-0.171381
-1.96061
-2.44869
4.70207
4.26515
0.177086
0.0556945
-1.00167
0.501068
0.636348
1.02292
3.13714
2.52015
2.4655
0.475578
-1.27865
-0.329118
-0.000803506
0.0508442
-0.0258432
0.389358
-0.901725
-1.05986
-4.78331
-2.73365
3.10235
-1.3088
6.23739
2.06712
-4.92814
-2.7675
1.83216
-0.840651
0.813215
0.833423
1.77714
0.314304
3.99347
-1.03834
3.54279
6.76602
-1.19277
0.608809
0.17665
-1.02949
-0.0180171
-2.09858
-0.158465
0.194842
-5.12804
1.38765
0.123817
0.14432
1.22823
1.96552
-0.0330658
-0.0557233
-2.81877
-1.13101
-1.7309
1.10896
1.01722
0.0946218
-0.663179
0.422704
-1.63427
-2.53013
0.503183
0.728016
0.117469
0.109765
0.824618
1.14651
0.00195988
1.39407
0.051353
-2.03006
0.641786
0.343254
-3.02792
-2.85152
0.434719
3.67244
0.320899
0.682329
0.182112
0.119979
-1.53464
1.50558
1.33862
2.24271
5.85892
-3.34497
-0.993214
-0.776033
-0.274543
0.11639
-4.73632
2.84224
-1.77584
0.336494
-0.198242
-1.30978
0.0380523
3.29154
0.315003
0.519527
0.742029
-0.443156
-3.36189
-2.08135
-0.13413
-0.537657
0.0514569
0.14243
0.326785
-0.950481
-0.529409
-1.28698
-0.946541
-1.42473
-2.60683
-10.3309
-0.0825344
0.184152
2.30339
4.76452
1.20189
0.468063
0.995827
-3.70366
5.39038
-1.99442
1.7043
0.929558
-0.364768
-0.296263
1.02628
1.44362
-0.572622
1.53768
2.1571
0.981863
-2.52992
-1.16064
0.0714256
0.317507
-0.643439
0.889369
6.91862
2.55254
-0.344397
0.552756
-1.92436
-0.513273
-2.26059
-4.69788
-1.02674
-0.428316
-0.302936
0.661318
0.0114315
0.0632661
0.436362
0.574998
-0.312471
-0.251184
0.780408
-2.87746
1.53042
-0.23149
0.204407
-0.891197
1.07046
-1.29285
-2.72324
-3.35488
-0.162747
0.724709
-0.156362
0.317102
-4.29555
-5.15922
-5.66523
1.96383
-7.65157
-3.9016
-0.306445
-0.281318
-2.44501
2.72006
-1.62294
-2.37542
0.0354686
0.916595
1.10272
1.58731
-0.831832
0.648108
1.57083
-0.639209
-0.622932
1.63271
3.20655
-3.27122
-1.48064
2.3577
2.10538
-1.45244
0.138852
-0.426725
0.256706
0.659093
-1.14085
0.171251
-0.489609
0.76806
0.145856
0.227126
0.203378
0.40615
-8.64752
-5.11609
0.501044
-0.93209
-0.776826
-0.999831
0.0283205
-0.702427
0.59137
-0.360577
-0.243378
2.99248
1.09287
0.482563
-1.88502
-3.38185
2.61803
0.249816
-3.47919
1.6813
-8.57012
-0.414432
-0.74957
-0.399828
-1.13772
0.227154
-0.432938
1.18376
0.761741
1.06922
-0.684875
1.22341
-0.103496
0.210368
0.402261
5.09324
-1.36646
1.99185
