value
3.42592
3.24243
3.05893
2.87544
1.52594e-05
4.38169e-05
0.000137354
0.000452204
0.00203423
0.0249629
0.128399
0.313365
0.490181
0.398389
0.276326
0.162675
0.101495
0.70397
0.323589
0.141992
0.665322
0.0948162
0.567262
0.396126
0.651516
0.0557407
0.272476
0.0364805
0.224623
0.195246
0.0307365
0.0681955
0.497905
0.421801
0.200395
0.523422
0.229703
0.40986
0.394124
0.485381
0.692519
0.146057
0.380206
0.0428976
0.220647
0.162027
0.595839
0.0648867
0.160213
0.300532
0.0633706
0.483477
0.377717
0.300167
0.232842
0.128908
0.196839
0.366629
0.404363
0.20367
0.47802
0.582734
0.82777
0.763613
0.38943
0.0377617
0.212913
0.181978
0.520289
0.156294
0.109173
0.298561
0.115434
0.706328
0.270467
0.815571
0.594138
0.175501
0.990556
0.433803
0.0942167
0.772043
0.66058
0.708676
0.09164
0.14808
0.472782
0.128467
1.89643
0.0871572
0.249188
0.305117
0.370236
0.00264427
0.00786112
0.0312386
0.268464
0.280353
1.46874
0.777061
0.11458
0.143373
0.0847436
0.190821
0.000542481
0.00240657
0.00942469
0.105391
0.754554
0.118335
0.045803
0.388411
0.828005
0.189628
0.529221
0.289013
0.644902
0.785017
0.198247
0.34375
0.277373
0.0231395
0.120091
0.453143
0.218548
0.578408
0.683627
0.808815
0.249638
0.46662
0.847634
0.466932
0.142234
0.187056
0.777601
0.0946867
0.12457
0.0094963
0.0136858
0.229086
0.417764
0.11805
0.107968
0.372236
0.248971
0.25489
0.108944
0.662227
0.15024
0.17866
0.201046
0.188776
0.0932408
0.131088
0.0100332
0.0883417
0.373112
0.111477
0.0906018
0.473157
0.349953
0.218133
0.387261
0.127151
0.185557
0.128605
0.334626
0.115946
0.193247
0.0679374
0.0169282
0.0902302
0.855325
0.0576787
0.288393
0.591733
0.469677
0.568779
0.624099
0.326261
0.820574
0.354868
0.236363
0.185075
0.324857
0.884222
0.531759
0.728644
0.258983
0.116623
0.0518291
0.53252
0.526908
0.315545
0.472117
0.22394
0.361966
0.182366
0.0537862
0.561412
0.225909
0.885606
0.454942
0.0638085
0.182811
0.144354
0.429725
0.129374
0.233775
0.0498285
0.28619
0.15907
0.156863
0.0386005
0.193003
0.228503
0.267923
0.340532
0.4962
0.634675
0.125711
0.302096
0.396927
0.102761
1.48405
0.306296
0.272518
0.0359889
0.201999
0.372289
0.328908
0.279256
0.470229
0.0553882
0.284901
0.450189
0.230988
0.22799
0.484847
0.171937
0.101021
0.567955
0.266565
0.259764
0.277424
0.639685
0.113605
0.215164
0.234608
0.00387876
0.0297214
1.6157
0.889904
0.365663
0.205947
0.264813
0.315673
0.161944
0.653027
0.238555
0.332411
0.689417
0.059112
0.495527
0.368877
0.598178
0.33983
0.0434438
0.341651
0.549272
0.380456
0.0573796
0.363734
0.767096
0.301592
0.355438
0.113691
0.0755803
0.0736391
0.176061
0.00809303
0.0424611
0.179797
0.166734
0.230267
0.520183
0.427028
0.366885
0.161127
0.460825
0.267642
0.574026
0.0467811
0.186064
0.166245
0.43762
0.370779
0.621461
0.405368
0.34257
0.357196
0.0501193
0.433999
0.399354
0.340883
0.195014
0.0760773
0.168772
0.793135
0.258065
0.209221
0.614307
0.332131
0.41409
0.265223
0.00950988
0.12877
0.386968
0.164647
0.0213384
0.157452
0.125603
0.171065
0.704958
0.188116
0.389865
0.00700874
0.0517164
0.371348
0.276872
0.519235
0.129766
0.227333
0.0320217
0.691758
0.491456
0.166117
0.723866
0.329992
0.203393
0.0313644
0.40177
0.672286
0.0166268
0.191982
0.27122
0.0711926
0.434931
0.568242
0.237516
0.331125
0.570256
0.100688
0.485606
0.797883
0.237402
0.027084
0.378046
0.62035
0.852414
0.173849
0.207512
0.199945
0.326716
0.216959
0.209877
0.561141
0.0522656
0.764093
0.355538
0.054785
0.206485
0.19817
0.31489
0.0688794
0.443514
0.659939
0.323211
0.530695
0.169386
0.700414
0.270457
0.183492
0.0909347
0.0779229
0.193184
0.443091
0.125966
0.404361
0.366121
0.0156107
0.132429
0.0857274
0.0409303
0.14027
0.363336
0.690709
0.826511
0.156432
0.542352
0.21449
0.154216
0.763671
0.134792
0.510726
0.501363
0.295789
0.294334
0.789271
0.475459
0.456606
0.0713519
0.177541
0.261938
0.224971
0.191917
0.294476
0.0833895
0.507097
0.0289514
1.63106
0.710175
0.192838
0.577719
0.497298
0.370669
0.301657
0.161963
0.500158
1.59189
1.13329
0.345485
0.27146
0.603291
0.29782
0.0545818
0.363281
0.235367
0.289134
0.281913
0.345136
0.526365
0.00182094
0.00359645
0.0203007
0.0508659
0.219117
0.179551
0.133216
0.450615
0.0656757
0.768692
0.16459
0.157605
0.225263
0.461129
0.621037
0.259337
0.15516
0.500984
0.282378
0.293279
0.8429
0.173656
0.757044
0.343708
0.397634
0.273339
0.964119
0.886617
0.352977
0.206779
0.465564
0.118669
0.0987852
0.19227
0.191938
0.213857
0.224311
0.0640895
0.894581
0.403193
0.357911
0.166342
0.960366
0.320638
0.160188
0.175367
0.178019
0.201634
0.0848403
0.424201
0.109776
0.229749
0.24223
0.289541
0.212128
0.352445
0.217072
0.679867
-0.403468
-0.180741
-0.21634
-0.605254
-0.222749
-0.410149
-0.257778
-0.804825
-0.669976
-0.0559058
-0.148538
-0.503433
-0.540139
-0.235357
-0.0182758
-0.0913791
-1.11374
-0.284632
-0.127313
-0.833551
-0.0204476
-0.320511
-0.204777
-0.113809
-0.396905
-0.177106
-0.392653
-0.208682
-0.293955
-0.178295
-0.108268
-0.545316
-0.301965
-0.757047
-0.304066
-0.0377613
-0.198429
-0.301666
-0.0971247
-0.114413
-0.769179
-0.309278
-0.241901
-0.0780601
-0.0447678
-0.15439
-0.0312614
-0.475469
-0.0404596
-0.225211
-0.49154
-0.0372061
-0.239465
-0.401224
-0.273051
-0.0314059
-0.51777
-0.424903
-1.02646
-0.341727
-0.919019
-0.382787
-0.523291
-1.10937
-0.24482
-0.0594867
-0.331499
-0.653844
-0.737383
-0.287995
-0.32048
-0.0318437
-0.160395
-0.0332306
-0.0921318
-0.9623
-0.31752
-0.223519
-0.235154
-0.271261
-0.133205
-0.376447
-0.116711
-0.172556
-0.205659
-0.943362
-0.43962
-0.261953
-0.0567145
-0.16079
-0.287935
-0.228594
-0.319566
-1.28722
-0.633436
-0.497692
-0.495942
-0.606534
-0.352974
-0.159453
-0.21359
-0.344886
-0.0833767
-0.195458
-0.325126
-0.00855727
-0.0691147
-0.383951
-0.149394
-0.150844
-1.12409
-0.226632
-0.151062
-0.56691
-0.0873822
-0.735896
-0.0676746
-0.661055
-0.429769
-0.195628
-0.18592
-0.146557
-0.266764
-0.0123138
-0.0144627
-0.23342
-0.209627
-0.532409
-0.361831
-0.448813
-0.466428
-0.0449385
-0.316675
-0.416854
-0.473913
-0.0924422
-0.0920392
-0.285663
-0.0838205
-0.182461
-0.11425
-0.0222675
-0.183114
-0.110045
-0.0304806
-0.237883
-0.0217919
-0.0774852
-0.676005
-0.13482
-0.0908754
-0.76596
-0.0139907
-0.0805668
-0.651922
-0.405108
-0.0747496
-0.494979
-0.198097
-0.349676
-0.15864
-0.52144
-0.0395194
-0.0943665
-0.464254
-0.149968
-0.659472
-0.261531
-0.402997
-0.125816
-0.307292
-1.00865
-0.529301
-0.10385
-0.137937
-0.381748
-0.322532
-0.218235
-0.0761289
-0.603962
-0.121742
-0.695934
-0.221049
-0.745858
-0.416669
-0.530191
-0.0871831
-0.428201
-0.232814
-0.883957
-0.105597
-0.081309
-0.00633479
-0.0559312
-0.551424
-0.0180354
-0.0965315
-0.121091
-0.700121
-0.312989
-0.14037
-0.208863
-0.233391
-0.318846
-0.141781
-0.745579
-0.587451
-0.0977678
-0.00427172
-0.0884849
-0.230725
-0.295631
-0.290716
-0.137039
-0.363047
-0.443228
-0.0381365
-0.332288
-0.363316
-0.113053
-0.276698
-0.0463019
-0.343116
-0.0432584
-0.758052
-0.723218
-0.138509
-0.126371
-0.674298
-0.868025
-0.309207
-0.169431
-0.117241
-0.195765
-1.08698
-0.195233
-0.658436
-0.072001
-0.489833
-0.640839
-0.647559
-0.118133
-0.485925
-0.0855902
-0.544575
-0.119891
-0.12874
-0.224555
-0.404261
-0.970269
-0.558674
-0.194685
-0.560859
-0.255231
-0.721352
-0.222773
-0.435521
-0.634397
-0.266236
-0.514575
-0.33986
-0.83276
-0.163468
-0.0113015
-0.0472311
-0.121762
-0.268162
-0.534554
-0.393797
-0.364462
-0.213136
-0.228883
-0.48558
-0.158988
-0.0788951
-0.418714
-0.266838
-0.481914
-0.249722
-0.194681
-0.5682
-0.280296
-0.250325
-0.187036
-0.493939
-0.0951834
-0.550404
-0.0291249
-0.0729691
-0.0738116
-0.81973
-0.584254
-0.272826
-0.220748
-0.698644
-0.436633
-0.402191
-0.625924
-0.0549829
-0.0313807
-0.496433
-0.224047
-0.0785461
-0.245618
-0.299493
-0.582271
-0.0679707
-0.441049
-0.515264
-0.601861
-0.375167
-0.554499
-0.191623
-0.2852
-0.0455334
-0.176397
-0.236673
-0.111434
-0.0564516
-0.28846
-0.116313
-1.06666
-0.234589
-0.0570559
-0.246731
-0.0699016
-0.172507
-0.188817
-0.574131
-0.160669
-0.302145
-0.220555
-0.170182
-0.167083
-0.176272
-0.000699728
-0.00372039
-0.0376333
-0.30272
-0.123477
-0.00660188
-0.0690741
-0.107085
-0.0238233
-0.169195
-0.0269438
-0.434981
-0.368439
-0.482068
-0.609837
-0.277964
-0.64225
-0.129233
-0.411864
-0.258002
-0.533869
-0.150705
-0.72273
-1.07082
-0.209026
-0.153289
-0.215932
-0.615578
-0.0536267
-0.412042
-0.810049
-0.425781
-0.00603632
-0.0231976
-0.187202
-0.170975
-0.0974812
-0.283063
-0.24082
-0.146355
-0.324739
-0.500299
-0.361843
-0.492698
-0.289167
-0.198947
-0.230444
-0.370592
-0.265898
-0.228159
-0.125
-0.00846542
-0.0683125
-0.169894
-0.310501
-1.40726
-0.616852
-0.710112
-0.672616
-0.237934
-0.1247
-0.385259
-0.357874
-0.121548
-0.107806
-0.288476
-0.159356
-1.11755
-0.26608
-0.0792506
-0.896255
-0.386144
-0.0767127
-0.308025
-0.280779
-0.440226
-0.10986
-0.0748893
-0.244664
-0.438703
-0.467479
-0.232455
-0.0620347
-0.0833773
-0.244308
-0.163975
-0.280449
-0.516196
-0.642221
-0.302477
-0.444928
-0.894636
-0.13141
-0.4475
-0.67022
-0.996513
-0.0820096
-0.0558465
-0.161508
-0.34975
-0.713353
-0.491555
-0.920514
-0.578981
-0.684395
-0.435057
-0.706172
-0.185701
-0.327281
-0.0653061
-0.0116373
-0.134605
-0.511418
-0.201959
-0.436305
-0.426755
-0.521996
-0.0439916
-0.15254
-0.350403
-0.389671
-0.0123136
-0.0881266
-0.373307
-0.229574
-0.404841
-0.508909
-0.67797
-0.154255
-0.320634
-0.879788
-0.295632
-0.391215
-0.414207
-0.481348
-0.233052
-0.580103
-0.898144
-0.339869
-0.38
-0.0460279
-0.593266
-0.317199
-0.403178
-0.489656
-0.422256
-0.350359
-0.102501
-0.338598
-0.179914
-0.997788
-0.531743
-0.973266
-0.0623608
-0.372266
-0.479231
-0.258412
-0.178367
-0.0817383
-0.133395
-0.255535
-0.214156
-0.486611
-0.452381
-0.33486
