1,
7.82311e-08,
1.64285e-06,
3.44999e-05,
0.000724498,
0.0152145,
0.319504,
0.709578,
0.901131,
0.923752,
0.398788,
0.374539,
0.865328,
0.171886,
0.609603,
0.801667,
0.835011,
0.535236,
0.23996,
0.0391635,
0.822434,
0.271112,
0.693347,
0.56028,
0.765874,
0.0833547,
0.750448,
0.75941,
0.947604,
0.899684,
0.893366,
0.760684,
0.974359,
0.46154,
0.692336,
0.539062,
0.320306,
0.726426,
0.254949,
0.353929,
0.432512,
0.0827555,
0.737866,
0.495186,
0.398914,
0.377192,
0.92104,
0.341847,
0.178786,
0.754497,
0.844435,
0.733129,
0.395708,
0.309869,
0.50724,
0.652049,
0.693038,
0.55379,
0.629596,
0.221518,
0.651875,
0.689372,
0.476806,
0.0129301,
0.271533,
0.702193,
0.74606,
0.667262,
0.0125071,
0.26265,
0.515651,
0.828664,
0.401943,
0.440795,
0.256693,
0.390553,
0.201604,
0.233683,
0.907343,
0.0542068,
0.138344,
0.905215,
0.00951717,
0.199861,
0.197071,
0.138481,
0.908109,
0.0702962,
0.476219,
0.000605304,
0.0127114,
0.266939,
0.605718,
0.720087,
0.121831,
0.55845,
0.727459,
0.276648,
0.809611,
0.00182216,
0.0382654,
0.803574,
0.875046,
0.37597,
0.89536,
0.802557,
0.853706,
0.927825,
0.484335,
0.171045,
0.591949,
0.430934,
0.0496228,
0.0420783,
0.883645,
0.556546,
0.687459,
0.436638,
0.169391,
0.557207,
0.701357,
0.728487,
0.298231,
0.262861,
0.520072,
0.921518,
0.351878,
0.389432,
0.178076,
0.739592,
0.531425,
0.159929,
0.358518,
0.528884,
0.106573,
0.238033,
0.998701,
0.972731,
0.427343,
0.974193,
0.458046,
0.618966,
0.998296,
0.964217,
0.248561,
0.219774,
0.615256,
0.920372,
0.327811,
0.884025,
0.564522,
0.854971,
0.954387,
0.0421235,
0.884594,
0.57647,
0.105874,
0.223352,
0.690384,
0.498063,
0.45932,
0.645712,
0.559942,
0.758772,
0.934203,
0.61827,
0.983669,
0.657043,
0.797905,
0.756002,
0.87604,
0.396842,
0.333673,
0.00713434,
0.149821,
0.146243,
0.0710948,
0.49299,
0.352787,
0.408527,
0.579063,
0.160331,
0.366942,
0.705774,
0.821248,
0.246202,
0.170236,
0.574955,
0.0740607,
0.555276,
0.660787,
0.87653,
0.407128,
0.549695,
0.543597,
0.415536,
0.726258,
0.251418,
0.279771,
0.875186,
0.378908,
0.957059,
0.0982362,
0.0629597,
0.322154,
0.765236,
0.0699618,
0.469198,
0.853163,
0.916413,
0.244676,
0.138198,
0.902154,
0.945242,
0.850086,
0.851804,
0.887877,
0.645409,
0.553595,
0.625503,
0.13557,
0.846977,
0.786525,
0.517021,
0.85744,
0.00622996,
0.130829,
0.74741,
0.69562,
0.608015,
0.768317,
0.13465,
0.827647,
0.380589,
0.992368,
0.839735,
0.634427,
0.32296,
0.782156,
0.425271,
0.930701,
0.544731,
0.439361,
0.226572,
0.758021,
0.918447,
0.287393,
0.0352481,
0.740211,
0.544434,
0.43311,
0.0953019,
0.00134021,
0.0281445,
0.591034,
0.411723,
0.646191,
0.570004,
0.970075,
0.371582,
0.803226,
0.86775,
0.222744,
0.677622,
0.230061,
0.83128,
0.456874,
0.594354,
0.481428,
0.109992,
0.30984,
0.50665,
0.639649,
0.432632,
0.085278,
0.790838,
0.607602,
0.759633,
0.9523,
0.998295,
0.964189,
0.247963,
0.207216,
0.351538,
0.382308,
0.0284645,
0.597754,
0.552825,
0.609319,
0.795703,
0.709773,
0.905239,
0.0100147,
0.210309,
0.41649,
0.74629,
0.672087,
0.113819,
0.390191,
0.194005,
0.0740963,
0.556022,
0.676453,
0.205521,
0.315943,
0.634803,
0.330866,
0.948183,
0.911833,
0.148488,
0.118244,
0.483131,
0.145747,
0.0606834,
0.274352,
0.761401,
0.989411,
0.777625,
0.33012,
0.932513,
0.582763,
0.238017,
0.99836,
0.965568,
0.276923,
0.815381,
0.122992,
0.582841,
0.239662,
0.0328931,
0.690756,
0.505875,
0.623368,
0.0907349,
0.905432,
0.0140724,
0.295521,
0.205932,
0.324562,
0.815793,
0.131652,
0.764698,
0.058664,
0.231944,
0.870823,
0.287284,
0.032956,
0.692076,
0.533586,
0.205313,
0.31157,
0.542974,
0.402459,
0.451632,
0.484274,
0.169757,
0.564888,
0.862652,
0.115689,
0.429463,
0.0187234,
0.393191,
0.257007,
0.397152,
0.340182,
0.14382,
0.0202139,
0.424491,
0.914319,
0.200705,
0.214803,
0.510857,
0.727998,
0.287952,
0.0469963,
0.986922,
0.725355,
0.232451,
0.881464,
0.510751,
0.725772,
0.241216,
0.0655427,
0.376397,
0.904345,
0.991236,
0.815952,
0.134993,
0.834848,
0.53181,
0.168016,
0.528343,
0.0952095,
0.999399,
0.987382,
0.735023,
0.435474,
0.144964,
0.0442365,
0.928966,
0.508277,
0.673811,
0.150027,
0.150562,
0.161807,
0.397937,
0.356679,
0.490251,
0.29528,
0.200872,
0.218315,
0.584615,
0.276906,
0.815023,
0.115475,
0.424969,
0.924358,
0.411516,
0.641832,
0.478464,
0.0477402,
0.00254347,
0.0534128,
0.121669,
0.555057,
0.656206,
0.780318,
0.386675,
0.120184,
0.523854,
0.000937257,
0.0196824,
0.41333,
0.679937,
0.278671,
0.852096,
0.894016,
0.77434,
0.261149,
0.484121,
0.166535,
0.497235,
0.441945,
0.280854,
0.897925,
0.856419,
0.984804,
0.680878,
0.298436,
0.26716,
0.61035,
0.817357,
0.164502,
0.454539,
0.545316,
0.451629,
0.484205,
0.168298,
0.534252,
0.219297,
0.605247,
0.710179,
0.913754,
0.188829,
0.965418,
0.27377,
0.749174,
0.732646,
0.385564,
0.0968497,
0.0338437,
0.710717,
0.925058,
0.426228,
0.950793,
0.966656,
0.299766,
0.295094,
0.196967,
0.13631,
0.862517,
0.112855,
0.369946,
0.768861,
0.146071,
0.0674839,
0.417162,
0.760409,
0.968589,
0.340363,
0.147623,
0.100076,
0.101601,
0.133625,
0.806124,
0.928594,
0.500476,
0.509999,
0.709971,
0.909399,
0.0973882,
0.0451524,
0.948201,
0.912228,
0.156788,
0.292538,
0.143296,
0.00920801,
0.193368,
0.0607335,
0.275403,
0.783454,
0.452538,
0.503288,
0.569055,
0.950161,
0.953384,
0.0210662,
0.44239,
0.290197,
0.0941471,
0.977089,
0.518867,
0.896199,
0.820185,
0.22388,
0.701484,
0.731164,
0.354443,
0.44331,
0.309502,
0.499544,
0.490426,
0.298936,
0.277659,
0.830841,
0.44766,
0.400852,
0.41789,
0.775698,
0.289668,
0.0830261,
0.743547,
0.614497,
0.904436,
0.993148,
0.856117,
0.978447,
0.54738,
0.494973,
0.394437,
0.283182,
0.946817,
0.883163,
0.546422,
0.474854,
0.971935,
0.410632,
0.623273,
0.0887265,
0.863257,
0.128391,
0.696203,
0.620267,
0.0256137,
0.537888,
0.295654,
0.208743,
0.383612,
0.0558579,
0.173015,
0.633314,
0.299603,
0.291659,
0.124839,
0.621626,
0.0541487,
0.137122,
0.879567,
0.470905,
0.888995,
0.668892,
0.0467404,
0.981549,
0.612537,
0.863273,
0.128725,
0.703228,
0.767789,
0.123568,
0.594927,
0.493469,
0.362854,
0.619929,
0.0185122,
0.388757,
0.16389,
0.441696,
0.275625,
0.788123,
0.550583,
0.562243,
0.807107,
0.949243,
0.93411,
0.61632,
0.942716,
0.797029,
0.737614,
0.489897,
0.287844,
0.0447222,
0.939167,
0.722511,
0.172738,
0.627488,
0.177243,
0.722105,
0.164215,
0.448509,
0.418685,
0.792375,
0.639885,
0.43758,
0.189172,
0.972613,
0.424867,
0.9222,
0.366193,
0.690048,
0.491008,
0.311167,
0.534509,
0.224695,
0.718603,
0.0906728,
0.904128,
0.986696,
0.720614,
0.132894,
0.79077,
0.606161,
0.729385,
0.317087,
0.658834,
0.835517,
0.545866,
0.463184,
0.726874,
0.264349,
0.551328,
0.577884,
0.135559,
0.846742,
0.781583,
0.413245,
0.678149,
0.241129,
0.063704,
0.337784,
0.0934586,
0.962631,
0.215241,
0.520063,
0.921329,
0.347902,
0.305942,
0.42479,
0.920594,
0.332475,
0.981972,
0.621407,
0.0495524,
0.0406013,
0.852628,
0.905187,
0.00893325,
0.187598,
0.939563,
0.730827,
0.347366,
0.294691,
0.188502,
0.95854,
0.12935,
0.716355,
0.0434597,
0.912653,
0.165722,
0.480165,
0.0834617,
0.752696,
0.806625,
0.939132,
0.721762,
0.156999,
0.296979,
0.236551,
0.967561,
0.318783,
0.694445,
0.583344,
0.250227,
0.254757,
0.3499,
0.347905,
0.30601,
0.42621,
0.950402,
0.958441,
0.127267,
0.672603,
0.124658,
0.617818,
0.974175,
0.457666,
0.610995,
0.830902,
0.448952,
0.427992,
0.987829,
0.744408,
0.632577,
0.284125,
0.96663,
0.299238,
0.284008,
0.964162,
0.247397,
0.195328,
0.101897,
0.139839,
0.936619,
0.668991,
0.0488158,
0.025131,
0.52775,
0.0827604,
0.737969,
0.497342,
0.444178,
0.327734,
0.882414,
0.530699,
0.144687,
0.0384183,
0.806783,
0.942449,
0.791432,
0.620071,
0.0214975,
0.451448,
0.480407,
0.0885471,
0.859488,
0.0492577,
0.0344114,
0.722639,
0.175416,
0.683739,
0.35852,
0.528923,
0.107388,
0.255145,
0.358053,
0.519104,
0.901177,
0.924716,
0.419041,
0.799854,
0.796941,
0.735771,
0.451198,
0.475164,
0.978443,
0.547304,
0.493389,
0.361179,
0.584766,
0.280076,
0.881598,
0.513549,
0.784534,
0.475209,
0.979394,
0.567268,
0.912632,
0.165281,
0.470906,
0.88902,
0.669425,
0.0579184,
0.216287,
0.542022,
0.382471,
0.0318897,
0.669684,
0.0633689,
0.330748,
0.9457,
0.859708,
0.0538746,
0.131366,
0.758686,
0.932401,
0.580419,
0.188791,
0.964605,
0.256704,
0.390789,
0.206559,
0.337735,
0.0924297,
0.941024,
0.761498,
0.991463,
0.820727,
0.235259,
0.940447,
0.749383,
0.737051,
0.47807,
0.0394708,
0.828887,
0.406634,
0.539314,
0.325584,
0.83726,
0.582451,
0.231475,
0.860965,
0.080271,
0.685691,
0.399509,
0.38968,
0.183273,
0.848723,
0.823185,
0.286895,
0.024789,
0.520568,
0.931933,
0.570601,
0.982613,
0.634866,
0.332182,
0.975828,
0.492397,
0.340343,
0.147208,
0.0913691,
0.918752,
0.293785,
0.169476,
0.558992,
0.738833,
0.515499,
0.825484,
0.335164,
0.0384424,
0.807291,
0.953108,
0.0152674,
0.320616,
0.732926,
0.391444,
0.22032,
0.626719,
0.161102,
0.383152,
0.0461926,
0.970044,
0.370919,
0.789301,
0.575328,
0.0818973,
0.719843,
0.116712,
0.450962,
0.470199,
0.874181,
0.357802,
0.513837,
0.790574,
0.602044,
0.642925,
0.501426,
0.529944,
0.12882,
0.705221,
0.809649,
0.00262575,
0.0551408,
0.157957,
0.317091,
0.658921,
0.837351,
0.584368,
0.271724,
0.706213,
0.830476,
0.440006,
0.240122,
0.0425569,
0.893694,
0.76758,
0.11918,
0.502776,
0.5583,
0.724302,
0.210336,
0.417056,
0.758178,
0.921728,
0.356287,
0.482037,
0.122767,
0.578105,
0.14021,
0.944406,
0.832534,
0.483213,
0.147476,
0.0969971,
0.0369385,
0.775708,
0.289875,
0.0873763,
0.834903,
0.532968,
0.192331,
0.038942,
0.817783,
0.173434,
0.64212,
0.484516,
0.174831,
0.671457,
0.100592,
0.112437,
0.361173,
0.584638,
0.277388,
0.825156,
0.32827,
0.893674,
0.767158,
0.110328,
0.316891,
0.654704,
0.748781,
0.724408,
0.212578,
0.464147,
0.747083,
0.688744,
0.463621,
0.73605,
0.457056,
0.598168,
0.561521,
0.791932,
0.630576,
0.242093,
0.0839583,
0.763125,
0.0256242,
0.538108,
0.300268,
0.305619,
0.418003,
0.778067,
0.3394,
0.127407,
0.675556,
0.186686,
0.920397,
0.328328,
0.894887,
0.792636,
0.645353,
0.552408,
0.600578,
0.612138,
0.854891,
0.95271,
0.00690732,
0.145054,
0.0461271,
0.96867,
0.342071,
0.183483,
0.85314,
0.915948,
0.234898,
0.932854,
0.589941,
0.388765,
0.164072,
0.445521,
0.355941,

